#OTU ID	1	2	3	4	5	6	7	8	9	10	11	12	13	14	15	16	17	18	19	20	21	22	23	24	25	26	27	28	29	30	31	32	33	34	35	36	37	38	39	40	41	42	43	44	45	46	47	48	49	50	51	52	53	54	55	56	57	58	59	60	61	62	63	64	65
Collinsella-aerofaciens	0	0	0	0	0	0	0	0	0	0	0	0	0	0	0	0	0	0	0	0	0	0	0	0	0	0	0	0	0	0	0	0	0	0	0	0	0	0	0	0	0	0	0	0	0	0	0	0	0	0	0	0	0	0	0	0	0	0	0	0	0	0	0	0	0
Clostridium-hiranonis	1483	1416	1038	84	101	72	46	55	89	102	115	56	102	248	168	120	54	214	74	129	79	121	244	99	36	92	1918	1536	592	269	108	56	45	57	24	36	21	15	11	1331	1209	578	304	116	43	57	95	88	115	187	90	65	108	13	90	112	76	70	20	33	42	48	40	46	42
Clostridium-difficile	0	0	0	0	0	1	0	0	0	0	0	0	0	0	3	1	0	0	2	5	6	0	1	3	2	1	0	0	0	0	0	0	0	0	0	0	0	2	0	0	0	2	0	0	0	0	1	0	0	3	0	0	0	0	0	0	0	0	1	0	0	0	0	0	0
Proteus-mirabilis	1330	1327	1092	726	1271	1602	1290	1375	670	1093	1345	1025	1490	2605	1814	832	650	1931	3404	2999	1256	1409	1191	1207	606	860	1472	827	738	1082	757	1010	1056	872	720	573	684	909	750	880	606	413	736	1247	1065	1043	887	843	778	937	598	651	364	2023	1396	811	1067	1415	1166	992	523	430	477	722	616
Clostridium-scindens	1065	460	199	98	209	343	195	234	120	255	194	120	154	1266	1009	324	90	210	746	544	166	151	363	408	150	279	236	177	94	60	103	182	327	183	87	262	176	153	154	223	220	50	123	185	160	132	119	78	122	224	140	160	91	37	291	54	93	265	208	208	121	80	68	134	81
Ruminococcus-obeum	30	408	1405	312	754	1322	1301	1931	2064	3734	2338	1555	1835	3	8	834	465	828	2992	3278	1913	2837	3848	3614	2183	2326	13	137	875	272	322	971	1269	1034	2218	1902	1534	1247	1062	23	194	85	213	497	982	1578	1410	1636	1724	2220	1379	996	49	3	73	560	717	984	575	1125	1425	993	820	1385	1105
Clostridium-ramosum	3259	4548	5325	3172	5956	5733	2105	3524	3008	5863	3943	2903	2237	2263	3134	3005	2337	5900	9896	5682	2528	2543	5683	6430	3618	5726	2218	2137	4611	2851	4840	3843	3513	2967	3076	4144	3962	3390	3082	1757	2068	2574	3486	5543	3919	1997	3166	3431	3288	4676	3409	2589	355	2060	2467	2344	4086	6741	4315	3752	4516	3399	3313	4847	3906
Bacteroides-ovatus	7454	16240	22250	10575	18852	22060	17997	25516	18681	29824	38292	18553	34647	9257	13880	21352	11428	31768	56884	48860	31378	34916	31700	33257	22443	23332	9107	10417	16950	13119	17439	14724	14823	17693	21065	15416	14963	12183	10215	6680	9467	11525	14663	18773	14725	21785	15696	16210	16066	23104	14275	18782	2839	4018	14342	17924	16125	23999	23167	24655	22629	16301	12485	16946	12036
Akkermansia-muciniphila	813	5942	27211	17139	22484	25420	21199	25422	18389	30665	36988	25254	33251	280	1027	29314	15758	25403	54775	52904	25807	20145	36019	45905	36968	28614	1308	3164	17496	13629	13268	14611	19067	13729	22542	20415	17990	18440	14130	721	3070	12367	20262	16146	12252	17951	20109	21525	15924	21603	16758	22367	752	152	1895	18500	14822	17230	13242	17650	14510	15508	13826	20231	13484
Parabacteroides-distasonis	38	76	166	445	878	1186	1175	1469	1053	2463	2184	2140	2551	51	51	168	576	919	1620	2602	1201	1951	2534	2592	1419	3067	49	37	221	712	621	669	921	1067	1149	876	1152	1379	1337	65	78	257	652	939	651	872	1341	1642	1443	1913	1737	2515	61	77	60	556	1161	1159	1303	1748	2416	2003	1579	2274	1527
Bacteroides-fragilis	3391	4339	5116	1791	3846	7295	5972	9038	10437	15401	8119	5698	12010	4399	5908	7244	2445	5255	20376	18565	10236	14165	12736	10637	5345	7918	4154	3473	3038	2774	3710	4935	4834	5537	11308	6673	5818	5277	3179	2321	2364	2274	2779	3781	5322	6140	4639	7095	7200	7209	3985	3999	1364	2376	3904	4011	2381	3382	6267	6108	8189	5987	4338	6132	4955
Bifidobacterium-longum	0	0	0	0	0	0	0	0	0	0	1	0	1	0	0	0	0	0	0	0	0	0	0	0	0	0	0	0	0	0	0	0	0	0	2	0	0	0	0	0	0	0	0	0	2	0	0	0	0	0	0	0	1	0	1	3	0	0	0	0	0	0	0	0	0
Bacteroides-vulgatus	20904	17861	8817	2670	4706	1089	1644	2266	833	3184	7118	4100	8617	28439	19666	11027	4780	7097	2105	4462	1734	2247	4254	5916	4219	5685	29335	10758	5098	2942	1684	1114	1323	1371	1253	1936	2555	3283	3291	18959	11633	6015	4837	2780	1349	2533	3779	2889	2080	3806	3839	4070	4867	5333	8863	11543	8817	2928	893	1498	1285	2231	2536	4784	3465
Enterococcus-faecalis	104	110	49	7	4	6	1	6	1	1	2	1	4	368	202	60	13	5	8	4	4	10	9	6	2	2	155	155	25	4	7	2	3	0	3	0	5	1	2	136	119	26	29	7	2	0	2	2	4	3	4	2	33	605	129	9	9	6	1	1	1	3	1	2	1
Prevotella-melaninogenica	0	0	0	0	0	0	0	0	0	0	0	0	0	0	0	0	0	0	0	0	0	0	0	0	0	0	0	0	0	0	0	0	0	0	0	0	0	0	0	0	0	0	0	0	0	1	0	0	0	0	0	0	0	0	1	3	2	0	0	0	0	0	0	0	0
Klebsiella-oxytoca	22068	18049	8956	2748	1728	1760	1461	1265	925	2309	2013	1216	2461	29448	23754	12772	3809	3317	3990	3563	1451	1092	2513	2226	1870	2040	13084	6266	4257	1916	866	684	856	572	1809	1436	834	1007	871	8219	6351	2580	4026	1169	347	670	1237	1592	1312	1107	1013	1463	4496	25937	10055	7509	2846	1444	1386	1229	896	1378	717	1143	1063
Lactobacillus-fermentum	1	1	0	0	0	0	0	0	0	0	0	0	0	1	1	0	0	0	0	0	0	0	0	0	0	0	1	1	0	0	0	0	0	1	0	0	0	0	0	1	2	0	0	0	0	0	0	0	0	0	0	0	0	4	0	0	0	0	0	0	0	0	0	0	0
Lactobacillus-reuteri	40	24	73	22	10	0	0	1	0	0	0	0	0	17	10	855	111	9	2	0	0	0	0	0	0	0	39	33	12	0	2	0	0	3	0	0	0	0	0	60	64	9	15	0	0	6	0	0	0	0	0	0	98	9	3	0	2	0	0	0	0	0	0	0	0
Roseburia-hominis	5	90	1515	1057	1557	1367	1305	1736	2462	2985	2745	1531	2388	9	2	771	714	584	3037	1468	962	1486	1886	2181	1721	1806	4	2	638	464	422	529	1431	811	1287	1848	1219	1162	1231	1	35	528	1968	1396	1011	1512	2355	2708	2278	2662	1835	2805	74	1	1	491	355	1120	971	908	1238	1415	1212	1503	1182
Staphylococcus-epidermidis	0	0	0	0	0	0	0	0	0	0	0	0	0	0	1	0	0	0	0	0	0	0	0	0	0	0	0	0	0	0	0	0	0	0	0	0	0	0	0	0	0	0	0	0	0	0	0	0	0	0	0	0	0	0	0	0	0	0	0	0	0	0	0	0	0
Propionibacterium-acnes	1	1	0	0	0	0	0	0	0	0	0	0	0	4	1	0	0	0	0	0	0	0	0	0	0	0	0	0	0	0	0	0	0	0	0	0	0	0	0	0	0	0	0	0	0	0	0	0	0	0	0	0	0	1	1	0	0	0	0	0	0	0	0	0	0
Escherichia-coli	2938	2794	2651	997	2315	2639	1972	3347	3513	6160	4164	2755	4796	7934	4541	1894	1061	2736	4202	4505	3560	4673	7281	6016	4079	5360	2783	1631	1164	1101	981	1078	1701	1724	3844	2616	2012	1361	647	1749	1956	833	1917	1360	913	2088	2508	2679	2113	3186	2229	3205	1979	5242	3400	1577	1025	1806	1363	2136	3572	3013	1967	1958	1131
Streptococcus-mitis	0	0	0	0	0	0	1	0	0	0	1	0	1	1	0	0	0	0	0	0	0	0	0	0	0	0	0	0	0	0	0	0	0	0	0	0	0	0	0	0	0	0	0	0	0	0	1	0	0	0	0	0	5	0	1	0	2	0	1	0	0	0	0	0	0